0.00000000
-0.05167558
-0.10093630
-0.14768760
-0.19183493
-0.23328380
-0.27193946
-0.30770748
-0.34049343
-0.37020266
-0.39674056
-0.42001235
-0.43992399
-0.45638071
-0.46928751
-0.47855059
-0.48407504
-0.48576630
-0.48352982
-0.47727115
-0.46689544
-0.45230774
-0.43341473
-0.41012120
-0.38233265
-0.34995443
-0.31289218
-0.27105087
-0.22433557
-0.17265443
-0.11590855
-0.05400801
0.01314605
0.08564447
0.16358516
0.24706107
0.33616501
0.43099497
0.53164144
0.63820383
0.75077219
0.86944490
0.99431471
1.12547424
1.26302188
1.40704755
1.55765199
1.71492289
1.87896082
2.04985564
-0.05167558
-0.10545259
-0.15680210
-0.20562957
-0.25184042
-0.29534019
-0.33603411
-0.37382776
-0.40862671
-0.44033630
-0.46886194
-0.49410883
-0.51598293
-0.53438948
-0.54923348
-0.56042113
-0.56785751
-0.57144808
-0.57109828
-0.56671364
-0.55819934
-0.54546040
-0.52840353
-0.50693351
-0.48095584
-0.45037585
-0.41509922
-0.37503088
-0.33007592
-0.28014249
-0.22513168
-0.16495360
-0.09950934
-0.02870812
0.04754805
0.12935205
0.21679669
0.30998002
0.40899246
0.51393348
0.62489308
0.74196969
0.86525603
0.99484469
1.13083412
1.27331418
1.42238568
1.57813625
1.74066651
1.91006625
-0.10093630
-0.15680210
-0.21022777
-0.26111877
-0.30938052
-0.35491855
-0.39763810
-0.43744475
-0.47424406
-0.50794139
-0.53844213
-0.56565148
-0.58947542
-0.60981917
-0.62658773
-0.63968732
-0.64902300
-0.65450025
-0.65602448
-0.65350125
-0.64683572
-0.63593290
-0.62069954
-0.60104040
-0.57686097
-0.54806660
-0.51456294
-0.47625495
-0.43304768
-0.38484935
-0.33156097
-0.27309271
-0.20934562
-0.14022895
-0.06564469
0.01450004
0.10029802
0.19184734
0.28923838
0.39257068
0.50193413
0.61742727
0.73914278
0.86717320
1.00161707
1.14256416
1.29011535
1.44435821
1.60539344
1.77331074
-0.14768760
-0.20562957
-0.26111877
-0.31406066
-0.36436067
-0.41192434
-0.45665689
-0.49846390
-0.53725094
-0.57292337
-0.60538657
-0.63454576
-0.66030690
-0.68257522
-0.70125572
-0.71625461
-0.72747696
-0.73482824
-0.73821388
-0.73753943
-0.73271004
-0.72363072
-0.71020823
-0.69234733
-0.66995351
-0.64293211
-0.61118880
-0.57462852
-0.53315632
-0.48668044
-0.43510186
-0.37833080
-0.31626824
-0.24882351
-0.17589851
-0.09740041
-0.01323647
0.07669149
0.17247376
0.27420996
0.38198991
0.49591221
0.61606951
0.74255433
0.87546526
1.01489201
1.16093553
1.31368333
1.47323614
1.63968363
-0.19183493
-0.25184042
-0.30938052
-0.36436067
-0.41668631
-0.46626298
-0.51299589
-0.55679063
-0.59755277
-0.63518767
-0.66960071
-0.70069709
-0.72838280
-0.75256306
-0.77314286
-0.79002842
-0.80312481
-0.81233750
-0.81757191
-0.81873360
-0.81572771
-0.80845925
-0.79683501
-0.78075972
-0.76013887
-0.73487782
-0.70488222
-0.67005702
-0.63030725
-0.58554120
-0.53565979
-0.48057329
-0.42018262
-0.35439719
-0.28311883
-0.20625473
-0.12371218
-0.03539296
0.05879318
0.15894590
0.26515499
0.37751909
0.49613081
0.62108266
0.75247328
0.89039233
1.03494081
1.18620617
1.34428921
1.50927953
-0.23328380
-0.29534019
-0.35491855
-0.41192434
-0.46626298
-0.51784001
-0.56656065
-0.61233049
-0.65505510
-0.69463984
-0.73099008
-0.76401103
-0.79360868
-0.81968824
-0.84215471
-0.86091431
-0.87587210
-0.88693357
-0.89400413
-0.89698932
-0.89579431
-0.89032408
-0.88048545
-0.86618314
-0.84732264
-0.82380930
-0.79554877
-0.76244602
-0.72440605
-0.68133720
-0.63314033
-0.57972575
-0.52099435
-0.45685558
-0.38721123
-0.31196850
-0.23103473
-0.14431161
-0.05170897
0.04687292
0.15152377
0.26234229
0.37942107
0.50285258
0.63273553
0.76915950
0.91222557
1.06202112
1.21864702
1.38219279
-0.27193946
-0.33603411
-0.39763810
-0.45665689
-0.51299589
-0.56656065
-0.61725640
-0.66498870
-0.70966314
-0.75118508
-0.78945989
-0.82439277
-0.85588972
-0.88385596
-0.90819645
-0.92881746
-0.94562402
-0.95852163
-0.96741569
-0.97221176
-0.97281499
-0.96913036
-0.96106471
-0.94852273
-0.93140994
-0.90963168
-0.88309360
-0.85170066
-0.81535785
-0.77397356
-0.72744859
-0.67569330
-0.61860854
-0.55610380
-0.48808082
-0.41444682
-0.33510918
-0.24996954
-0.15893776
-0.06191407
0.04119118
0.15047676
0.26603524
0.38795905
0.51634695
0.65128849
0.79288478
0.94122317
1.09640455
1.25851842
-0.30770748
-0.37382776
-0.43744475
-0.49846390
-0.55679063
-0.61233049
-0.66498870
-0.71467084
-0.76128248
-0.80472899
-0.84491574
-0.88174791
-0.91513153
-0.94497181
-0.97117370
-0.99364348
-1.01228618
-1.02700729
-1.03771223
-1.04430654
-1.04669538
-1.04478371
-1.03847840
-1.02768414
-1.01230642
-0.99225061
-0.96742234
-0.93772658
-0.90306830
-0.86335593
-0.81849023
-0.76838161
-0.71293084
-0.65204750
-0.58563325
-0.51359536
-0.43584122
-0.35227241
-0.26279887
-0.16732075
-0.06574847
0.04201681
0.15606762
0.27649635
0.40340185
0.53687358
0.67701273
0.82390658
0.97765610
1.13835069
-0.34049343
-0.40862671
-0.47424406
-0.53725094
-0.59755277
-0.65505510
-0.70966314
-0.76128248
-0.80981870
-0.85517714
-0.89726319
-0.93598203
-0.97123969
-1.00294138
-1.03099203
-1.05529796
-1.07576417
-1.09229616
-1.10479934
-1.11317925
-1.11734107
-1.11718973
-1.11263214
-1.10357296
-1.08991768
-1.07157168
-1.04844059
-1.02042939
-0.98744301
-0.94938994
-0.90617087
-0.85769628
-0.80386688
-0.74459231
-0.67977416
-0.60931975
-0.53313647
-0.45112587
-0.36319793
-0.26925275
-0.16920081
-0.06294320
0.04961256
0.16855886
0.29399458
0.42600913
0.56470377
0.71016572
0.86249598
1.02178393
-0.37020266
-0.44033630
-0.50794139
-0.57292337
-0.63518767
-0.69463984
-0.75118508
-0.80472899
-0.85517714
-0.90243490
-0.94640762
-0.98700050
-1.02411956
-1.05767002
-1.08755682
-1.11368626
-1.13596334
-1.15429357
-1.16858237
-1.17873526
-1.18465742
-1.18625379
-1.18343127
-1.17609454
-1.16414908
-1.14750026
-1.12605372
-1.09971443
-1.06838733
-1.03198092
-0.99039586
-0.94354267
-0.89132201
-0.83364357
-0.77040890
-0.70152532
-0.62690028
-0.54643526
-0.46004029
-0.36761541
-0.26907118
-0.16430862
-0.05323527
0.06424122
0.18821979
0.31878981
0.45605257
0.60009524
0.75101889
0.90891282
-0.39674056
-0.46886194
-0.53844213
-0.60538657
-0.66960071
-0.73099008
-0.78945989
-0.84491574
-0.89726319
-0.94640762
-0.99225438
-1.03470866
-1.07367650
-1.10906310
-1.14077340
-1.16871371
-1.19278904
-1.21290488
-1.22896665
-1.24087989
-1.24854976
-1.25188120
-1.25078113
-1.24515421
-1.23490593
-1.21994166
-1.20016704
-1.17548703
-1.14580656
-1.11103418
-1.07107050
-1.02582607
-0.97520151
-0.91910658
-0.85744275
-0.79011738
-0.71703794
-0.63810586
-0.55323123
-0.46231402
-0.36526486
-0.26198471
-0.15238114
-0.03636182
0.08617224
0.21531035
0.35115386
0.49378989
0.64331956
0.79983211
-0.42001235
-0.49410883
-0.56565148
-0.63454576
-0.70069709
-0.76401103
-0.82439277
-0.88174791
-0.93598203
-0.98700050
-1.03470866
-1.07901170
-1.11981568
-1.15702578
-1.19054695
-1.22028550
-1.24614643
-1.26803524
-1.28585736
-1.29951830
-1.30892325
-1.31397711
-1.31458685
-1.31065711
-1.30209337
-1.28880102
-1.27068567
-1.24765231
-1.21960584
-1.18645485
-1.14809990
-1.10445160
-1.05541051
-1.00088644
-0.94078081
-0.87500100
-0.80345453
-0.72604275
-0.64267583
-0.55325365
-0.45768693
-0.35587655
-0.24773011
-0.13315533
-0.01205314
0.11566569
0.25010260
0.39134462
0.53949295
0.69463677
-0.43992399
-0.51598293
-0.58947542
-0.66030690
-0.72838280
-0.79360868
-0.85588972
-0.91513153
-0.97123969
-1.02411956
-1.07367650
-1.11981568
-1.16244316
-1.20146414
-1.23678354
-1.26830771
-1.29594161
-1.31959077
-1.33916060
-1.35455662
-1.36568402
-1.37244768
-1.37475460
-1.37250941
-1.36561758
-1.35398451
-1.33751581
-1.31611648
-1.28969137
-1.25814915
-1.22139031
-1.17932550
-1.13185525
-1.07888941
-1.02032936
-0.95608250
-0.88605637
-0.81015226
-0.72828041
-0.64034064
-0.54624372
-0.44589049
-0.33918856
-0.22604569
-0.10636275
0.01994944
0.15299237
0.29285302
0.43963264
0.59342033
-0.45638071
-0.53438948
-0.60981917
-0.68257522
-0.75256306
-0.81968824
-0.88385596
-0.94497181
-1.00294138
-1.05767002
-1.10906310
-1.15702578
-1.20146414
-1.24228336
-1.27938837
-1.31268552
-1.34207976
-1.36747664
-1.38878154
-1.40590002
-1.41873722
-1.42719806
-1.43118953
-1.43061625
-1.42538371
-1.41539729
-1.40056261
-1.38078466
-1.35596829
-1.32602221
-1.29084684
-1.25035290
-1.20444085
-1.15302062
-1.09599351
-1.03326696
-0.96474853
-0.89033947
-0.80995006
-0.72348006
-0.63084032
-0.53193160
-0.42666155
-0.31493796
-0.19666163
-0.07174346
0.05991812
0.19841003
0.34383356
0.49627778
-0.46928751
-0.54923348
-0.62658773
-0.70125572
-0.77314286
-0.84215471
-0.90819645
-0.97117370
-1.03099203
-1.08755682
-1.14077340
-1.19054695
-1.23678354
-1.27938837
-1.31826635
-1.35332383
-1.38446578
-1.41159773
-1.43462508
-1.45345336
-1.46798774
-1.47813310
-1.48379649
-1.48488249
-1.48129659
-1.47294418
-1.45973088
-1.44156168
-1.41834141
-1.38997882
-1.35637428
-1.31743857
-1.27307209
-1.22318482
-1.16767801
-1.10645913
-1.03943577
-0.96650912
-0.88758950
-0.80257664
-0.71138144
-0.61390459
-0.51005378
-0.39973683
-0.28285447
-0.15931766
-0.02902479
0.10811101
0.25219110
0.40330448
-0.47855059
-0.56042113
-0.63968732
-0.71625461
-0.79002842
-0.86091431
-0.92881746
-0.99364348
-1.05529796
-1.11368626
-1.16871371
-1.22028550
-1.26830771
-1.31268552
-1.35332383
-1.39012903
-1.42300606
-1.45186046
-1.47659762
-1.49712308
-1.51334201
-1.52515928
-1.53248195
-1.53521461
-1.53326272
-1.52653170
-1.51492715
-1.49835407
-1.47671727
-1.44992555
-1.41787923
-1.38048911
-1.33765558
-1.28928865
-1.23528951
-1.17556568
-1.11002476
-1.03856788
-0.96110544
-0.87753709
-0.78777380
-0.69171620
-0.58927200
-0.48034906
-0.36484805
-0.24268000
-0.11374321
0.02204912
0.16479839
0.31459355
-0.48407504
-0.56785751
-0.64902300
-0.72747696
-0.80312481
-0.87587210
-0.94562402
-1.01228618
-1.07576417
-1.13596334
-1.19278904
-1.24614643
-1.29594161
-1.34207976
-1.38446578
-1.42300606
-1.45760553
-1.48816974
-1.51460409
-1.53681410
-1.55470494
-1.56818147
-1.57715079
-1.58151746
-1.58118696
-1.57606469
-1.56605626
-1.55106667
-1.53100070
-1.50576722
-1.47526647
-1.43940932
-1.39809609
-1.35123687
-1.29873277
-1.24049134
-1.17642024
-1.10642050
-1.03040260
-0.94826612
-0.85992211
-0.76527111
-0.66422090
-0.55667934
-0.44254704
-0.32173510
-0.19414175
-0.05968028
0.08175082
0.23024039
-0.48576630
-0.57144808
-0.65450025
-0.73482824
-0.81233750
-0.88693357
-0.95852163
-1.02700729
-1.09229616
-1.15429357
-1.21290488
-1.26803524
-1.31959077
-1.36747664
-1.41159773
-1.45186046
-1.48816974
-1.52043114
-1.54855003
-1.57243196
-1.59198209
-1.60710526
-1.61770860
-1.62369666
-1.62497490
-1.62144875
-1.61302381
-1.59960507
-1.58109732
-1.55740943
-1.52844163
-1.49410482
-1.45429926
-1.40893512
-1.35791343
-1.30114178
-1.23852785
-1.16997263
-1.09538664
-1.01466940
-0.92773203
-0.83447502
-0.73480616
-0.62863334
-0.51585713
-0.39638867
-0.27012614
-0.13698288
0.00314267
0.15033929
-0.48352982
-0.57109828
-0.65602448
-0.73821388
-0.81757191
-0.89400413
-0.96741569
-1.03771223
-1.10479934
-1.16858237
-1.22896665
-1.28585736
-1.33916060
-1.38878154
-1.43462508
-1.47659762
-1.51460409
-1.54855003
-1.57834085
-1.60388206
-1.62507883
-1.64183601
-1.65406074
-1.66165755
-1.66453192
-1.66258926
-1.65573517
-1.64387466
-1.62691247
-1.60475756
-1.57731007
-1.54448096
-1.50617045
-1.46228874
-1.41273684
-1.35742233
-1.29625294
-1.22912960
-1.15596289
-1.07665227
-0.99110891
-0.89923324
-0.80093309
-0.69611640
-0.58468363
-0.46654602
-0.34160168
-0.20976399
-0.07093137
0.07498494
-0.47727115
-0.56671364
-0.65350125
-0.73753943
-0.81873360
-0.89698932
-0.97221176
-1.04430654
-1.11317925
-1.17873526
-1.24087989
-1.29951830
-1.35455662
-1.40590002
-1.45345336
-1.49712308
-1.53681410
-1.57243196
-1.60388206
-1.63106992
-1.65390071
-1.67227927
-1.68611274
-1.69530568
-1.69976353
-1.69939172
-1.69409586
-1.68378093
-1.66835169
-1.64771712
-1.62177730
-1.59044327
-1.55361516
-1.51120326
-1.46310850
-1.40923851
-1.34950103
-1.28379694
-1.21203687
-1.13412022
-1.04995825
-0.95945130
-0.86250723
-0.75903402
-0.64893207
-0.53211267
-0.40847388
-0.27792915
-0.14037681
0.00427181
-0.46689544
-0.55819934
-0.64683572
-0.73271004
-0.81572771
-0.89579431
-0.97281499
-1.04669538
-1.11734107
-1.18465742
-1.24854976
-1.30892325
-1.36568402
-1.41873722
-1.46798774
-1.51334201
-1.55470494
-1.59198209
-1.62507883
-1.65390071
-1.67835289
-1.69834018
-1.71376978
-1.72454620
-1.73057490
-1.73176131
-1.72801104
-1.71922907
-1.70532013
-1.68619326
-1.66174849
-1.63189689
-1.59653856
-1.55558384
-1.50893359
-1.45649548
-1.39817727
-1.33387979
-1.26351373
-1.18697843
-1.10418520
-1.01503433
-0.91943371
-0.81729134
-0.70850758
-0.59299376
-0.47064789
-0.34138347
-0.20509878
-0.06170521
-0.45230774
-0.54546040
-0.63593290
-0.72363072
-0.80845925
-0.89032408
-0.96913036
-1.04478371
-1.11718973
-1.18625379
-1.25188120
-1.31397711
-1.37244768
-1.42719806
-1.47813310
-1.52515928
-1.56818147
-1.60710526
-1.64183601
-1.67227927
-1.69834018
-1.71992356
-1.73693663
-1.74928390
-1.75687081
-1.75960280
-1.75738546
-1.75012381
-1.73772253
-1.72009072
-1.69712835
-1.66874654
-1.63484534
-1.59533514
-1.55011676
-1.49909788
-1.44218631
-1.37928279
-1.31029810
-1.23513149
-1.15369436
-1.06588693
-0.97161711
-0.87079294
-0.76331471
-0.64909384
-0.52802824
-0.40003148
-0.26500179
-0.12285064
-0.43341473
-0.52840353
-0.62069954
-0.71020823
-0.79683501
-0.88048545
-0.96106471
-1.03847840
-1.11263214
-1.18343127
-1.25078113
-1.31458685
-1.37475460
-1.43118953
-1.48379649
-1.53248195
-1.57715079
-1.61770860
-1.65406074
-1.68611274
-1.71376978
-1.73693663
-1.75552056
-1.76942605
-1.77855854
-1.78282349
-1.78212648
-1.77637252
-1.76546629
-1.74931691
-1.72782432
-1.70089969
-1.66844300
-1.63036471
-1.58656558
-1.53695331
-1.48143575
-1.41991358
-1.35229764
-1.27848711
-1.19839346
-1.11191685
-1.01896521
-0.91944663
-0.81326132
-0.70032076
-0.58052281
-0.45378111
-0.31999381
-0.17907244
-0.41012120
-0.50693351
-0.60104040
-0.69234733
-0.78075972
-0.86618314
-0.94852273
-1.02768414
-1.10357296
-1.17609454
-1.24515421
-1.31065711
-1.37250941
-1.43061625
-1.48488249
-1.53521461
-1.58151746
-1.62369666
-1.66165755
-1.69530568
-1.72454620
-1.74928390
-1.76942605
-1.78487712
-1.79554257
-1.80132785
-1.80213853
-1.79787962
-1.78845580
-1.77377624
-1.75374079
-1.72826070
-1.69723588
-1.66057688
-1.61818436
-1.56996607
-1.51582989
-1.45567644
-1.38941661
-1.31694953
-1.23818673
-1.15302830
-1.06138222
-0.96315659
-0.85825156
-0.74657869
-0.62803576
-0.50253647
-0.36997893
-0.23027471
-0.38233265
-0.48095584
-0.57686097
-0.66995351
-0.76013887
-0.84732264
-0.93140994
-1.01230642
-1.08991768
-1.16414908
-1.23490593
-1.30209337
-1.36561758
-1.42538371
-1.48129659
-1.53326272
-1.58118696
-1.62497490
-1.66453192
-1.69976353
-1.73057490
-1.75687081
-1.77855854
-1.79554257
-1.80772834
-1.81502131
-1.81732705
-1.81455056
-1.80659652
-1.79337412
-1.77478319
-1.75073500
-1.72112943
-1.68587707
-1.64487853
-1.59804159
-1.54527415
-1.48647678
-1.42156043
-1.35042416
-1.27297958
-1.18912670
-1.09877353
-1.00182822
-0.89819084
-0.78777302
-0.67047248
-0.54620297
-0.41486255
-0.27636285
-0.34995443
-0.45037585
-0.54806660
-0.64293211
-0.73487782
-0.82380930
-0.90963168
-0.99225061
-1.07157168
-1.14750026
-1.21994166
-1.28880102
-1.35398451
-1.41539729
-1.47294418
-1.52653170
-1.57606469
-1.62144875
-1.66258926
-1.69939172
-1.73176131
-1.75960280
-1.78282349
-1.80132785
-1.81502131
-1.82380933
-1.82759749
-1.82629081
-1.81979390
-1.80801605
-1.79085700
-1.76822809
-1.74002913
-1.70617078
-1.66655359
-1.62108536
-1.56967404
-1.51222012
-1.44863462
-1.37881653
-1.30267753
-1.22011757
-1.13104469
-1.03536706
-0.93298471
-0.82380931
-0.70773852
-0.58468616
-0.45455023
-0.31724242
-0.31289218
-0.41509922
-0.51456294
-0.61118880
-0.70488222
-0.79554877
-0.88309360
-0.96742234
-1.04844059
-1.12605372
-1.20016704
-1.27068567
-1.33751581
-1.40056261
-1.45973088
-1.51492715
-1.56605626
-1.61302381
-1.65573517
-1.69409586
-1.72801104
-1.75738546
-1.78212648
-1.80213853
-1.81732705
-1.82759749
-1.83285545
-1.83300593
-1.82795353
-1.81760759
-1.80186779
-1.78064552
-1.75384054
-1.72136357
-1.68311509
-1.63900295
-1.58893512
-1.53281201
-1.47054473
-1.40203219
-1.32718614
-1.24590646
-1.15810123
-1.06367866
-0.96253869
-0.85459308
-0.73973941
-0.61789158
-0.48894750
-0.35281895
-0.27105087
-0.37503088
-0.47625495
-0.57462852
-0.67005702
-0.76244602
-0.85170066
-0.93772658
-1.02042939
-1.09971443
-1.17548703
-1.24765231
-1.31611648
-1.38078466
-1.44156168
-1.49835407
-1.55106667
-1.59960507
-1.64387466
-1.68378093
-1.71922907
-1.75012381
-1.77637252
-1.79787962
-1.81455056
-1.82629081
-1.83300593
-1.83460093
-1.83098041
-1.82205375
-1.80772056
-1.78789230
-1.76246867
-1.73136045
-1.69446806
-1.65169937
-1.60296238
-1.54815746
-1.48719576
-1.41997613
-1.34641040
-1.26639838
-1.17984817
-1.08666802
-0.98675780
-0.88002935
-0.76638017
-0.64572422
-0.51795936
-0.38299744
-0.22433557
-0.33007592
-0.43304768
-0.53315632
-0.63030725
-0.72440605
-0.81535785
-0.90306830
-0.98744301
-1.06838733
-1.14580656
-1.21960584
-1.28969137
-1.35596829
-1.41834141
-1.47671727
-1.53100070
-1.58109732
-1.62691247
-1.66835169
-1.70532013
-1.73772253
-1.76546629
-1.78845580
-1.80659652
-1.81979390
-1.82795353
-1.83098041
-1.82877913
-1.82125909
-1.80831987
-1.78987297
-1.76581804
-1.73606591
-1.70051695
-1.65907906
-1.61166027
-1.55816088
-1.49849212
-1.43255276
-1.36025469
-1.28149767
-1.19618983
-1.10423945
-1.00554634
-0.90002240
-0.78756505
-0.66808834
-0.54149005
-0.40768210
-0.17265443
-0.28014249
-0.38484935
-0.48668044
-0.58554120
-0.68133720
-0.77397356
-0.86335593
-0.94938994
-1.03198092
-1.11103418
-1.18645485
-1.25814915
-1.32602221
-1.38997882
-1.44992555
-1.50576722
-1.55740943
-1.60475756
-1.64771712
-1.68619326
-1.72009072
-1.74931691
-1.77377624
-1.79337412
-1.80801605
-1.81760759
-1.82205375
-1.82125909
-1.81513309
-1.80357522
-1.78649708
-1.76379825
-1.73538962
-1.70117149
-1.66105180
-1.61493861
-1.56273216
-1.50434373
-1.43967203
-1.36862904
-1.29111442
-1.20703635
-1.11630314
-1.01881454
-0.91448250
-0.80320439
-0.68489432
-0.55945001
-0.42678344
-0.11590855
-0.22513168
-0.33156097
-0.43510186
-0.53565979
-0.63314033
-0.72744859
-0.81849023
-0.90617087
-0.99039586
-1.07107050
-1.14809990
-1.22139031
-1.29084684
-1.35637428
-1.41787923
-1.47526647
-1.52844163
-1.57731007
-1.62177730
-1.66174849
-1.69712835
-1.72782432
-1.75374079
-1.77478319
-1.79085700
-1.80186779
-1.80772056
-1.80831987
-1.80357522
-1.79338606
-1.77766402
-1.75630862
-1.72923082
-1.69633086
-1.65751671
-1.61269645
-1.56177027
-1.50464951
-1.44123282
-1.37143223
-1.29514735
-1.21228639
-1.12275768
-1.02646092
-0.92330812
-0.81319658
-0.69604048
-0.57173748
-0.44019962
-0.05400801
-0.16495360
-0.27309271
-0.37833080
-0.48057329
-0.57972575
-0.67569330
-0.76838161
-0.85769628
-0.94354267
-1.02582607
-1.10445160
-1.17932550
-1.25035290
-1.31743857
-1.38048911
-1.43940932
-1.49410482
-1.54448096
-1.59044327
-1.63189689
-1.66874654
-1.70089969
-1.72826070
-1.75073500
-1.76822809
-1.78064552
-1.78789230
-1.78987297
-1.78649708
-1.77766402
-1.76328547
-1.74326090
-1.71750133
-1.68590694
-1.64838572
-1.60484580
-1.55518728
-1.49932159
-1.43714729
-1.36857650
-1.29350876
-1.21185230
-1.12351550
-1.02839797
-0.92641182
-0.81745425
-0.70143952
-0.57826523
-0.44784348
0.01314605
-0.09950934
-0.20934562
-0.31626824
-0.42018262
-0.52099435
-0.61860854
-0.71293084
-0.80386688
-0.89132201
-0.97520151
-1.05541051
-1.13185525
-1.20444085
-1.27307209
-1.33765558
-1.39809609
-1.45429926
-1.50617045
-1.55361516
-1.59653856
-1.63484534
-1.66844300
-1.69723588
-1.72112943
-1.74002913
-1.75384054
-1.76246867
-1.76581804
-1.76379825
-1.75630862
-1.74326090
-1.72455449
-1.70010049
-1.66979900
-1.63355805
-1.59128579
-1.54288228
-1.48825899
-1.42731442
-1.35996077
-1.28609750
-1.20563288
-1.11847532
-1.02452436
-0.92369218
-0.81587592
-0.70098990
-0.57893164
-0.44961333
0.08564447
-0.02870812
-0.14022895
-0.24882351
-0.35439719
-0.45685558
-0.55610380
-0.65204750
-0.74459231
-0.83364357
-0.91910658
-1.00088644
-1.07888941
-1.15302062
-1.22318482
-1.28928865
-1.35123687
-1.40893512
-1.46228874
-1.51120326
-1.55558384
-1.59533514
-1.63036471
-1.66057688
-1.68587707
-1.70617078
-1.72136357
-1.73136045
-1.73606591
-1.73538962
-1.72923082
-1.71750133
-1.70010049
-1.67693946
-1.64791827
-1.61294498
-1.57192780
-1.52476669
-1.47137321
-1.41164577
-1.34549666
-1.27282526
-1.19353988
-1.10754896
-1.01475198
-0.91506117
-0.80837362
-0.69460370
-0.57364889
-0.44542143
0.16358516
0.04754805
-0.06564469
-0.17589851
-0.28311883
-0.38721123
-0.48808082
-0.58563325
-0.67977416
-0.77040890
-0.85744275
-0.94078081
-1.02032936
-1.09599351
-1.16767801
-1.23528951
-1.29873277
-1.35791343
-1.41273684
-1.46310850
-1.50893359
-1.55011676
-1.58656558
-1.61818436
-1.64487853
-1.66655359
-1.68311509
-1.69446806
-1.70051695
-1.70117149
-1.69633086
-1.68590694
-1.66979900
-1.64791827
-1.62016472
-1.58644644
-1.54667166
-1.50074029
-1.44856394
-1.39004098
-1.32508374
-1.25359155
-1.17547274
-1.09063580
-0.99898012
-0.90041803
-0.79484652
-0.68218004
-0.56231600
-0.43516672
0.24706107
0.12935205
0.01450004
-0.09740041
-0.20625473
-0.31196850
-0.41444682
-0.51359536
-0.60931975
-0.70152532
-0.79011738
-0.87500100
-0.95608250
-1.03326696
-1.10645913
-1.17556568
-1.24049134
-1.30114178
-1.35742233
-1.40923851
-1.45649548
-1.49909788
-1.53695331
-1.56996607
-1.59804159
-1.62108536
-1.63900295
-1.65169937
-1.65907906
-1.66105180
-1.65751671
-1.64838572
-1.63355805
-1.61294498
-1.58644644
-1.55397053
-1.51542552
-1.47071126
-1.41973942
-1.36240829
-1.29863029
-1.22830468
-1.15133981
-1.06764421
-0.97711721
-0.87967119
-0.77520309
-0.66362742
-0.54484153
-0.41875779
0.33616501
0.21679669
0.10029802
-0.01323647
-0.12371218
-0.23103473
-0.33510918
-0.43584122
-0.53313647
-0.62690028
-0.71703794
-0.80345453
-0.88605637
-0.96474853
-1.03943577
-1.11002476
-1.17642024
-1.23852785
-1.29625294
-1.34950103
-1.39817727
-1.44218631
-1.48143575
-1.51582989
-1.54527415
-1.56967404
-1.58893512
-1.60296238
-1.61166027
-1.61493861
-1.61269645
-1.60484580
-1.59128579
-1.57192780
-1.54667166
-1.51542552
-1.47809768
-1.43458792
-1.38480799
-1.32865610
-1.26604474
-1.19687310
-1.12104958
-1.03848272
-0.94907179
-0.85272926
-0.74935196
-0.63885451
-0.52113416
-0.39610337
0.43099497
0.30998002
0.19184734
0.07669149
-0.03539296
-0.14431161
-0.24996954
-0.35227241
-0.45112587
-0.54643526
-0.63810586
-0.72604275
-0.81015226
-0.89033947
-0.96650912
-1.03856788
-1.10642050
-1.16997263
-1.22912960
-1.28379694
-1.33387979
-1.37928279
-1.41991358
-1.45567644
-1.48647678
-1.51222012
-1.53281201
-1.54815746
-1.55816088
-1.56273216
-1.56177027
-1.55518728
-1.54288228
-1.52476669
-1.50074029
-1.47071126
-1.43458792
-1.39227001
-1.34366932
-1.28868399
-1.22722661
-1.15919628
-1.08450143
-1.00305064
-0.91474313
-0.81949141
-0.71719226
-0.60776034
-0.49109287
-0.36710236
0.53164144
0.40899246
0.28923838
0.17247376
0.05879318
-0.05170897
-0.15893776
-0.26279887
-0.36319793
-0.46004029
-0.55323123
-0.64267583
-0.72828041
-0.80995006
-0.88758950
-0.96110544
-1.03040260
-1.09538664
-1.15596289
-1.21203687
-1.26351373
-1.31029810
-1.35229764
-1.38941661
-1.42156043
-1.44863462
-1.47054473
-1.48719576
-1.49849212
-1.50434373
-1.50464951
-1.49932159
-1.48825899
-1.47137321
-1.44856394
-1.41973942
-1.38480799
-1.34366932
-1.29623527
-1.24240392
-1.18208791
-1.11518629
-1.04160752
-0.96126021
-0.87404351
-0.77987000
-0.67863640
-0.57025743
-0.45463024
-0.33166741
0.63820383
0.51393348
0.39257068
0.27420996
0.15894590
0.04687292
-0.06191407
-0.16732075
-0.26925275
-0.36761541
-0.46231402
-0.55325365
-0.64034064
-0.72348006
-0.80257664
-0.87753709
-0.94826612
-1.01466940
-1.07665227
-1.13412022
-1.18697843
-1.23513149
-1.27848711
-1.31694953
-1.35042416
-1.37881653
-1.40203219
-1.41997613
-1.43255276
-1.43967203
-1.44123282
-1.43714729
-1.42731442
-1.41164577
-1.39004098
-1.36240829
-1.32865610
-1.28868399
-1.24240392
-1.18971386
-1.13052656
-1.06474098
-0.99226561
-0.91300911
-0.82687055
-0.73376258
-0.63358185
-0.52624315
-0.41164357
-0.28969576
0.75077219
0.62489308
0.50193413
0.38198991
0.26515499
0.15152377
0.04119118
-0.06574847
-0.16920081
-0.26907118
-0.36526486
-0.45768693
-0.54624372
-0.63084032
-0.71138144
-0.78777380
-0.85992211
-0.92773203
-0.99110891
-1.04995825
-1.10418520
-1.15369436
-1.19839346
-1.23818673
-1.27297958
-1.30267753
-1.32718614
-1.34641040
-1.36025469
-1.36862904
-1.37143223
-1.36857650
-1.35996077
-1.34549666
-1.32508374
-1.29863029
-1.26604474
-1.22722661
-1.18208791
-1.13052656
-1.07245537
-1.00777323
-0.93638867
-0.85821039
-0.77313737
-0.68108236
-0.58194190
-0.47563088
-0.36204632
-0.24110092
0.86944490
0.74196969
0.61742727
0.49591221
0.37751909
0.26234229
0.15047676
0.04201681
-0.06294320
-0.16430862
-0.26198471
-0.35587655
-0.44589049
-0.53193160
-0.61390459
-0.69171620
-0.76527111
-0.83447502
-0.89923324
-0.95945130
-1.01503433
-1.06588693
-1.11191685
-1.15302830
-1.18912670
-1.22011757
-1.24590646
-1.26639838
-1.28149767
-1.29111442
-1.29514735
-1.29350876
-1.28609750
-1.27282526
-1.25359155
-1.22830468
-1.19687310
-1.15919628
-1.11518629
-1.06474098
-1.00777323
-0.94418187
-0.87387545
-0.79676271
-0.71274258
-0.62172784
-0.52361499
-0.41831899
-0.30573677
-0.18578112
0.99431471
0.86525603
0.73914278
0.61606951
0.49613081
0.37942107
0.26603524
0.15606762
0.04961256
-0.05323527
-0.15238114
-0.24773011
-0.33918856
-0.42666155
-0.51005378
-0.58927200
-0.66422090
-0.73480616
-0.80093309
-0.86250723
-0.91943371
-0.97161711
-1.01896521
-1.06138222
-1.09877353
-1.13104469
-1.15810123
-1.17984817
-1.19618983
-1.20703635
-1.21228639
-1.21185230
-1.20563288
-1.19353988
-1.17547274
-1.15133981
-1.12104958
-1.08450143
-1.04160752
-0.99226561
-0.93638867
-0.87387545
-0.80463455
-0.72857472
-0.64559483
-0.55560775
-0.45850988
-0.35421625
-0.24262374
-0.12364521
1.12547424
0.99484469
0.86717320
0.74255433
0.62108266
0.50285258
0.38795905
0.27649635
0.16855886
0.06424122
-0.03636182
-0.13315533
-0.22604569
-0.31493796
-0.39973683
-0.48034906
-0.55667934
-0.62863334
-0.69611640
-0.75903402
-0.81729134
-0.87079294
-0.91944663
-0.96315659
-1.00182822
-1.03536706
-1.06367866
-1.08666802
-1.10423945
-1.11630314
-1.12275768
-1.12351550
-1.11847532
-1.10754896
-1.09063580
-1.06764421
-1.03848272
-1.00305064
-0.96126021
-0.91300911
-0.85821039
-0.79676271
-0.72857472
-0.65355521
-0.57160297
-0.48263093
-0.38653544
-0.28323160
-0.17261621
-0.05460220
1.26302188
1.13083412
1.00161707
0.87546526
0.75247328
0.63273553
0.51634695
0.40340185
0.29399458
0.18821979
0.08617224
-0.01205314
-0.10636275
-0.19666163
-0.28285447
-0.36484805
-0.44254704
-0.51585713
-0.58468363
-0.64893207
-0.70850758
-0.76331471
-0.81326132
-0.85825156
-0.89819084
-0.93298471
-0.96253869
-0.98675780
-1.00554634
-1.01881454
-1.02646092
-1.02839797
-1.02452436
-1.01475198
-0.99898012
-0.97711721
-0.94907179
-0.91474313
-0.87404351
-0.82687055
-0.77313737
-0.71274258
-0.64559483
-0.57160297
-0.49066570
-0.40269605
-0.30759027
-0.20526354
-0.09561260
0.02144956
1.40704755
1.27331418
1.14256416
1.01489201
0.89039233
0.76915950
0.65128849
0.53687358
0.42600913
0.31878981
0.21531035
0.11566569
0.01994944
-0.07174346
-0.15931766
-0.24268000
-0.32173510
-0.39638867
-0.46654602
-0.53211267
-0.59299376
-0.64909384
-0.70032076
-0.74657869
-0.78777302
-0.82380931
-0.85459308
-0.88002935
-0.90002240
-0.91448250
-0.92330812
-0.92641182
-0.92369218
-0.91506117
-0.90041803
-0.87967119
-0.85272926
-0.81949141
-0.77987000
-0.73376258
-0.68108236
-0.62172784
-0.55560775
-0.48263093
-0.40269605
-0.31571619
-0.22158753
-0.12022531
-0.01152622
0.10459668
1.55765199
1.42238568
1.29011535
1.16093553
1.03494081
0.91222557
0.79288478
0.67701273
0.56470377
0.45605257
0.35115386
0.25010260
0.15299237
0.05991812
-0.02902479
-0.11374321
-0.19414175
-0.27012614
-0.34160168
-0.40847388
-0.47064789
-0.52802824
-0.58052281
-0.62803576
-0.67047248
-0.70773852
-0.73973941
-0.76638017
-0.78756505
-0.80320439
-0.81319658
-0.81745425
-0.81587592
-0.80837362
-0.79484652
-0.77520309
-0.74935196
-0.71719226
-0.67863640
-0.63358185
-0.58194190
-0.52361499
-0.45850988
-0.38653544
-0.30759027
-0.22158753
-0.12842331
-0.02801294
0.07974697
0.19494329
1.71492289
1.57813625
1.44435821
1.31368333
1.18620617
1.06202112
0.94122317
0.82390658
0.71016572
0.60009524
0.49378989
0.39134462
0.29285302
0.19841003
0.10811101
0.02204912
-0.05968028
-0.13698288
-0.20976399
-0.27792915
-0.34138347
-0.40003148
-0.45378111
-0.50253647
-0.54620297
-0.58468616
-0.61789158
-0.64572422
-0.66808834
-0.68489432
-0.69604048
-0.70143952
-0.70098990
-0.69460370
-0.68218004
-0.66362742
-0.63885451
-0.60776034
-0.57025743
-0.52624315
-0.47563088
-0.41831899
-0.35421625
-0.28323160
-0.20526354
-0.12022531
-0.02801294
0.07145817
0.17829151
0.29257384
1.87896082
1.74066651
1.60539344
1.47323614
1.34428921
1.21864702
1.09640455
0.97765610
0.86249598
0.75101889
0.64331956
0.53949295
0.43963264
0.34383356
0.25219110
0.16479839
0.08175082
0.00314267
-0.07093137
-0.14037681
-0.20509878
-0.26500179
-0.31999381
-0.36997893
-0.41486255
-0.45455023
-0.48894750
-0.51795936
-0.54149005
-0.55945001
-0.57173748
-0.57826523
-0.57893164
-0.57364889
-0.56231600
-0.54484153
-0.52113416
-0.49109287
-0.45463024
-0.41164357
-0.36204632
-0.30573677
-0.24262374
-0.17261621
-0.09561260
-0.01152622
0.07974697
0.17829151
0.28421092
0.39759193
2.04985564
1.91006625
1.77331074
1.63968363
1.50927953
1.38219279
1.25851842
1.13835069
1.02178393
0.90891282
0.79983211
0.69463677
0.59342033
0.49627778
0.40330448
0.31459355
0.23024039
0.15033929
0.07498494
0.00427181
-0.06170521
-0.12285064
-0.17907244
-0.23027471
-0.27636285
-0.31724242
-0.35281895
-0.38299744
-0.40768210
-0.42678344
-0.44019962
-0.44784348
-0.44961333
-0.44542143
-0.43516672
-0.41875779
-0.39610337
-0.36710236
-0.33166741
-0.28969576
-0.24110092
-0.18578112
-0.12364521
-0.05460220
0.02144956
0.10459668
0.19494329
0.29257384
0.39759193
0.51008422
